        0   5          
        1    8       
        2    6        
        3    7        
        4    6        
        5    7      
        6    10        
        7    11         
        8    14       
        9    15        
        10   12       
        11   11       
        12   4       
        13   5        
        14   10      
        15   11         
        16   13           
        17   14        
        18   13       
        19   20      
        20   24           
        21   18       
        22   19        
        23   15     
        24   5          
